"strain" "sex" "age" "litter" "littersize" "femalelitterratio" "cage" "tag" "nosesniff" "bodysniff" "anogenitalsniff" "pawing" "walkingpassive" "notwalkingpassive" "inactive" "rear" "selfgroom" "bigdig" "na" "sniff" "passivepawing" "nonsocial" "chambtime" "chambpref" "champrefchange" "snifftime" "sniffpref" "sniffprefchange" "stimfollowtest" "testfollowstim" "mousewtadj" "brainwt" "ccarea" "ccindex" "ccindexdiv"
"1" "balb/cj" "male" 30 "b15" 9 0.302428284297055 1 1 1.68015713531967 5.37650283161161 1.00809428099018 0 2.01618856198037 6.3845971126018 0 15.7934770722065 4.36840855062143 4.36840855062143 24.8663256011182 8.06475424792147 8.40078567458217 24.5302941674008 158.270802115459 14.5899997485154 -1.04214283917967 40.3237712396073 14.5899997485154 13.0267854897459 13.1052256528724 31.2509227106957 22.0873456964949 0.484389302015783 0.884451517426738 1.04522683603055 "ccindex"
"2" "balb/cj" "male" 30 "b15" 21 0.39515165514144 1 2 2.19528697344706 9.22020528663359 0 0.878114789642257 1.75622957796734 7.9030331028288 0 14.9279514120638 4.82963134105665 4.82963134105665 23 11.4154922600806 10.5373774704384 24.5872141020802 270.020297679984 17.606594345837 16.5709123254936 122.497013093846 10.0978996983477 10.1626298246191 32.92930459512 131.71721838048 27.0547166553506 0.62578850452566 1.13641664502127 1.30327432338223 "ccindex"
"3" "c57bl6/j" "male" 30 "c12" 3 0.453627682927534 2 3 7.40925215977538 7.93848445718571 1.05846459402681 0 1.3230807431289 10.5846459402681 0 11.9077266857786 4.2338583769011 0.793848445718571 13.4954235772157 16.4062012141633 11.9077266857786 16.9354335060167 181.791294069553 384.659754722112 360.22004654916 73.8279054518271 172.140553218183 176.390937248261 9.52618134862286 50.8063005259886 16.3929704040885 0.378586323763187 0.688766726958804 0.628883853853 "ccindex"
"4" "c57bl6/j" "male" 30 "c12" 3 0.553174600533843 2 4 9.03518514850648 6.77638886162187 0 0 5.8083333099616 12.9074073522434 0 20.6518517655255 4.51759257473727 4.84027775830134 10.6486110682629 15.8115740072242 18.715740662205 30.0097221014683 230.397221295144 341.96385430804 175.411510759046 120.038888405873 207.304512715236 189.586178295131 30.0097221014683 93.9013885110459 11.0261527334104 0.426718887171846 0.745557663666671 0.907520655630238 "ccindex"
"5" "c57bl6/j" "female" 30 "c13" 5 0.475159232973885 3 5 0.95031846594777 6.33545643996857 0.95031846594777 0 3.80127386379108 7.91932054924798 0 19.9566877849032 12.0373672385061 3.16772821950913 11.4038215913732 8.23609337186411 11.7205944101881 35.1617832400675 NA NA NA NA NA NA NA NA NA NA NA NA "ccindex"
"6" "c57bl6/j" "female" 30 "c13" 10 0.422180295366192 3 6 0.844360590732383 3.37744236292953 0 1.68872118146477 3.09598883296686 8.72505943475342 0 14.9170371057533 10.4137806162182 3.94034942369924 13.2283159242885 4.22180295366192 13.5097694517181 29.2711671482038 NA NA NA NA NA NA NA NA NA NA NA NA "ccindex"
"7" "balb/cj" "male" 30 "b10" 0 0.62430777568621 4 7 1.40469249669867 15.9198482912359 0 0 5.15053915503 15.9198482912359 0 18.2610024570827 3.27761582516199 10.7693091418247 21.07038745048 17.3245407879346 21.07038745048 32.3079274240693 178.395947080731 -26.0839476401722 -92.297045495994 103.947244755701 70.2260128773867 63.203411589648 64.6158548481386 126.42232470288 NA NA NA NA "ccindex"
"8" "balb/cj" "male" 30 "b10" 5 0.385644427011336 4 8 0.867699961643207 6.94159969314565 0.289233320258502 0 2.02463324354492 13.5939660686359 0.578466641384704 6.94159969314565 3.76003316683133 5.78466641124395 19.6678658001384 8.09853297504736 15.6185993095777 17.0647659152087 77.2252965862454 -136.611940733538 -37.0256661801177 1.73539992328641 -15.3209653159108 -6.38373554829615 103.256295435542 78.9606965095318 NA NA NA NA "ccindex"
"9" "c57bl6/j" "male" 30 "c15" 11 0.415706041130559 5 9 3.74135437391639 11.2240631217492 1.87067718695819 3.11779531222055 0 20.5774490565401 0.623559061695839 11.2240631217492 3.11779531222055 19.9538900004563 23 16.8360946826237 23.6952443743727 34.9193074961219 409.678303943844 199.305470409116 263.324803328407 183.326364321903 107.504162826735 108.712074768609 35.5428665522057 359.170019895973 NA NA NA NA "ccindex"
"10" "c57bl6/j" "male" 30 "c15" 12 0.163406902826878 5 10 1.47066212691257 4.4119863807377 0 0.980441417696602 4.16687602649739 4.90220708995367 0 4.16687602649739 2.20599319036885 7.10820028032252 19.1186076498634 5.88264850765027 10.0495245363537 13.4810694942474 102.211017820423 -1.95956249353917 -27.4338749095484 38.9725463631831 94.0589996898803 90.139874702802 19.1186076498634 108.82899739153 NA NA NA NA "ccindex"
"11" "balb/cj" "female" 30 "b15" 11 0.392777256218048 6 11 2.61851504145366 5.23703008290731 0 0 9.16480264508779 13.0925752072683 0 27.4944079352634 3.92777256218048 6.54628760363414 26.621569583748 7.85554512436097 22.2573778523561 37.968468101078 247.44967141737 108.560441446242 116.084432437565 72.0091636399755 33.3205315330048 34.3953873889082 82.4832238057901 153.183129925039 23.8808571780573 0.602258459534341 1.07620968203745 1.26625271208191 "ccindex"
"12" "balb/cj" "female" 30 "b15" 10 0.396293613460711 6 12 2.64195742307141 11.8888084038213 1.76130494827395 0 4.40326237134536 9.68717721748817 0 37.8680564017601 1.3209787115357 3.96293613460711 18.4937019614999 16.2920707712038 14.0904395941174 43.1519712479029 NA NA NA NA NA NA NA NA NA NA NA NA "ccindex"
"13" "balb/cj" "male" 30 "b11" 4 0.492410825294678 7 13 3.44687578001721 0.492410825294678 0 0 3.93928660678912 6.40134073473974 0 22.650897981282 2.46205412942786 6.40134073473974 23 3.93928660678912 10.3406273415289 31.5142928454496 394.421071455458 71.692973144551 59.594783926408 0 -1.49360360717815 -1.49360360717815 59.0892990944507 78.2933213001471 NA NA NA NA "ccindex"
"14" "balb/cj" "male" 30 "b11" 3 0.369961935087591 7 14 2.58973354783291 2.21977161274532 0.369961935087591 1.10988580637266 2.95969548403039 1.47984774146025 0 45.875279993037 4.06958129040305 3.32965741911798 8.87908645098128 5.17946709677571 5.5494290318633 28 NA NA NA NA NA NA NA NA NA NA NA NA "ccindex"
"15" "c57bl6/j" "female" 30 "c17" 8 0.3895752341611 8 15 4.285327580447 4.6749028146081 0 3.89575234511718 2.72702664146515 12.4664075095174 0 16.3621598511284 5.45405328409903 12.8559827401723 25.7119654803446 8.9602303950551 19.0891864890873 34.6721958789058 158.946695696675 -1.53306933812986 52.8908921654802 77.1358964410337 84.3188135971423 88.1514869424669 28.0494168876486 198.683369620844 17.3789512133056 0.489579197259834 0.8309990370677 0.997730759598389 "ccindex"
"16" "c57bl6/j" "female" 30 "c17" 2 0.32287252938924 8 16 3.55159782715611 6.45745059456513 0.645745059747098 0 2.58298023801977 10.0090484178468 0 12.5920286587724 11.9462835961194 4.52021541629245 16.7893715418011 10.6547934804997 12.5920286587724 29.0585276740902 108.48516998327 -10.2635574887141 -8.24194768033104 33.9016156197718 7.15338855274015 8.39745612712974 14.5292638370451 80.3952598983161 14.1418168013905 0.405850769848126 0.688977691152677 0.831579466272716 "ccindex"
"17" "c57bl6/j" "male" 30 "c17" 7 0.442065047218025 9 17 2.21032523874251 6.18891066768332 0 2.21032523874251 0.442065047218025 15.9143417157632 0 25.1977077166251 11.0516261910602 1.76826019019829 22.5453174306646 8.39923590509964 18.5667320017238 38.0175941031884 324.917810030166 411.883248454448 439.279152594767 148.53385601379 194.60538803123 202.162878828559 33.1548785745067 112.726587153323 22.9299140221289 0.559389111309078 0.953348640482797 1.12720868069388 "ccindex"
"18" "c57bl6/j" "male" 30 "c17" 7 0.387135599658433 9 18 1.93567800061498 8.12984760095695 1.16140680013671 0 5.03276280020526 7.35557640047868 0 16.2596952019139 3.09708480075169 4.25849160088839 26.7123564031443 11.2269324017086 12.3883392053296 23.6152715989084 239.249800828162 178.626739703927 175.146998021383 87.105510010253 69.5948336508807 73.0745753334247 30.1965768035544 150.982884017772 20.7891817224471 0.509741444580001 0.888511044308585 1.0141036849051 "ccindex"
"19" "balb/cj" "male" 30 "b27" 10 0.430654138609814 10 19 1.10739635610884 1.84566059333016 0 0 1.10739635610884 1.66109453416326 0 12.7350580952516 1.29196241527574 2.39935877138458 14.2115865719091 2.953056949439 2.76849089027209 16.4263792841267 82.5010285301083 6.17214966851159 13.8873367541511 44.2958542443535 10.1399601696976 9.25822450276738 20.4868325880135 39.3125706418637 11.6165877755817 0.261124060770464 0.472481729297396 0.521695653680225 "ccindex"
"20" "balb/cj" "male" 30 "b27" 10 0.124363624241819 10 20 0.319792176530452 0.479688264795678 0 0.159896088265226 0.106597392230116 0.586285657025794 0 3.1446230697491 0.319792176530452 2.13194784300336 3.78420742281 0.79948044132613 0.85277913736124 5.59636308928291 26.862542828558 144.721119798821 222.971492713299 13.7510635908094 117.796260301366 127.051680753616 3.83750611836543 14.5505440321356 3.12436956470252 0.0740158992579732 0.132686570925133 0.121648687478858 "ccindex"
"21" "c57bl6/j" "female" 30 "c19" 10 0.863399844335247 11 21 1.85014252357553 6.78385591977694 0 0 0 16.0345685376546 0 16.6512827121798 9.86742679240282 4.31699922167623 28.9855662026833 8.63399844335247 16.0345685376546 30.8357087262588 270.120808442027 248.10546216935 207.97075505372 128.276548301237 144.484945616269 140.106613930927 29.6022803772085 172.679968867049 21.4739875569666 0.530127504421841 0.913304355337824 1.13160601798561 "ccindex"
"22" "c57bl6/j" "female" 30 "c19" 5 0.410253239125976 11 22 0.879114083841377 2.05126619562988 0 0.293038027947126 0.586076055894251 7.91202675457239 0 11.4284830899379 6.15379858688964 0.586076055894251 12.8936732296735 2.93038027947126 8.79114083841377 18.1683577327218 135.383568911572 176.991213762057 152.56273894594 39.8531718008091 58.0752420156751 53.0051812047828 18.754433788616 78.5341914898297 9.38893841542591 0.247851564037679 0.423047279426148 0.570787397514067 "ccindex"
"23" "c57bl6/j" "male" 30 "c19" 6 1.1662223796084 12 23 3.33206394173828 4.99809591260741 1.66603197086914 0 3.33206394173828 8.33015985434569 0 26.6565115339062 14.9942877378222 8.33015985434569 23 9.99619182521483 11.662223796084 28 321.544170377744 204.457010340069 295.228872689324 124.952397815185 103.991065604001 125.141790811594 36.652703359121 178.265420882998 32.0877757589396 0.744882894175592 1.31145038650906 1.51751835399618 "ccindex"
"24" "c57bl6/j" "male" 30 "c19" 12 0.228692383633728 12 24 0.653406810382079 1.14346191816864 0 0 0.326703405191039 2.12357213374176 0.490055107786559 3.26703405191039 1.96022043114624 4.08379256488799 8.33093683237151 1.79686872855072 2.4502755389328 9.80110215573118 79.3889274614226 38.990488395913 56.2703639350108 28.4231962516204 14.7100478948217 16.570957568263 2.61362724152832 28.4231962516204 7.09926499480129 0.138620254822558 0.23705925784067 0.310670125213054 "ccindex"
"25" "balb/cj" "female" 30 "b39" 7 0.383042682597744 13 25 5.10723576796992 3.83042682597744 0.638404470996241 0 3.1920223549812 5.74564023896616 0 22.3441564848684 0 5.74564023896616 34.473841433797 9.57606706494361 8.93766259394737 28.0897967238346 76.6085365195489 -102.229719932677 -85.5321990103402 29.3666056658271 6.8153146621785 6.47454892906957 35.7506503757895 109.805569011353 22.1398670541496 0.583629367384763 1.03953953630202 1.3873641995886 "ccindex"
"26" "balb/cj" "female" 30 "b39" 20 0.240723346725769 13 26 3.20964462301026 1.60482231150513 0.802411155752564 0 1.20361673362885 4.4132613566391 0 8.02411155752564 0.401205577876282 6.41928924602051 24.4735402504532 5.61687809026795 5.61687809026795 14.8446063814224 171.715987331049 164.872445158628 122.569646729769 60.9832478371949 66.1659154912915 65.08122835209 16.0482231150513 116.349617584122 12.6299515915454 0.339259436652184 0.57898779354482 0.936346517329965 "ccindex"
"27" "balb/cj" "male" 30 "b36" 4 0.713423405264431 14 27 6.53971454825728 2.97259752193513 1.18903900877405 0 0.594519504387026 11.2958705833535 0 27.9424167061902 1.18903900877405 1.78355851316108 24.3752996798681 10.7013510789665 11.8903900877405 30.9150142281253 22.591741166707 -15.9917275897813 -3.07533222880409 14.2684681052886 -1.23013289152164 -1.23013289152164 17.8355851316108 74.9094575527653 24.8033537230267 0.535186457849201 0.94560705250774 1.20807212503104 "ccindex"
"28" "balb/cj" "male" 30 "b36" 6 0.420165711066035 14 28 3.85151901810532 2.10082855533018 0.700276185110059 0 0.700276185110059 5.9523475734355 0 9.80386659154082 1.40055237022012 4.90193329577041 17.5069046277515 6.65262375854556 6.65262375854556 16.1063522575314 6.30248566599053 -1.85915743327744 -1.4320536986056 0 0 0.0251237490983438 25.2099426639621 27.3107712192923 13.6343773240928 0.290894727294718 0.491299765949515 0.71966009531858 "ccindex"
"29" "c57bl6/j" "female" 30 "c25" 9 0.573381821190116 15 29 0.458705456952093 2.75223274171256 0 1.37611637085628 5.04576002647302 8.25669822513767 0 16.5133964502753 3.66964365561674 2.29352728476046 22.4765673906525 3.21093819866465 14.678574622467 22.4765673906525 202.747811972825 157.088297672756 172.887408070877 96.3281459599395 84.8637929956266 88.475018229483 25.6875055893172 67.8884076289097 15.6510301912054 0.367973517566969 0.608215913591058 0.925293901123901 "ccindex"
"30" "c57bl6/j" "female" 30 "c25" 11 0.895820125530185 15 30 0.716656100424148 9.31652930551393 0 0 2.86662440169659 15.0497781089071 0 17.9164025106037 8.59987320508978 7.88321710466563 33.682836719935 10.0331854059381 17.9164025106037 35.1161489207833 306.728810981535 215.114648708552 231.248247361694 150.497781089071 150.580254095987 152.116787301048 31.5328684186625 111.798351666167 21.2990193046057 0.578341473042288 0.959530852857892 1.50871212379937 "ccindex"
"31" "c57bl6/j" "male" 30 "c37" 14 0.749711055069019 16 31 3.59861306433129 3.59861306433129 0.599768844055215 0.599768844055215 5.99768844055215 19.7923718538221 0 18.5928341657117 3.59861306433129 9.59630150488345 29.9884422027608 7.7969949727178 26.3898291384295 31.7877487349264 NA NA NA NA NA NA NA NA NA NA NA NA "ccindex"
"32" "c57bl6/j" "male" 30 "c37" 13 0.573456981945965 16 32 2.75259351334063 4.58765585556772 0.458765585556772 1.83506234222709 2.75259351334063 13.7629675667032 0 18.3506234222709 6.88148378335158 2.75259351334063 18.3506234222709 7.79901495446512 18.3506234222709 27.9847007189631 NA NA NA NA NA NA NA NA NA NA NA NA "ccindex"
"33" "balb/cj" "female" 30 "b53" 9 0.197268080278154 17 33 1.77541272250339 1.38087656194708 0.394536160556309 0.394536160556309 0.789072321112618 1.18360848166893 0 8.48252745196064 1.97268080278154 1.77541272250339 9.86340401390772 3.55082544500678 2.36721696333785 12.2306209772456 57.9968156017774 14.2109923494279 20.3690890341801 19.7268080278154 45.4751755181694 45.4751755181694 11.441548656133 61.1531048862279 6.04429397972265 0.167756775468543 0.287238106331415 0.377534465079157 "ccindex"
"34" "balb/cj" "female" 30 "b53" 8 0.466947054617127 17 34 4.20252349155414 2.80168232770276 0.466947054617127 0 2.80168232770276 3.73557643693701 0 16.8100939662166 1.40084116385138 7.93809992849115 25.2151409493248 7.47115287387403 6.53725876463977 26.1490350585591 163.431469115994 -5.02916947745995 -6.3411267324495 88.7199403772541 -3.23616122897423 -3.10496550347527 22.4134586216221 122.340128309687 15.213135039426 0.400640572861495 0.689494020847649 0.943634031770807 "ccindex"
"35" "balb/cj" "male" 30 "b37" 9 0.370298227979127 18 35 4.93730970638836 5.55447341968691 0 0 2.46865485319418 14.1947654058665 0 13.577601692568 0.617163713298546 3.70298227979127 23 10.4917831260753 16.6634202590607 17.8977476856578 222.178936787476 72.3621849051714 101.604437709316 118.495432953321 81.2835501674528 81.7791815709129 16.0462565457622 125.901397512903 23.0942661516316 0.567420318006683 1.01361733944727 1.30118012811894 "ccindex"
"36" "balb/cj" "male" 30 "b37" 6 0.0392578163468553 18 36 0.523437551291404 1.04687510258281 0 0 0.458007857379979 0.850586020848532 0 2.09375020516562 0.130859387822851 0.654296939114255 2.74804714427987 1.57031265387421 1.30859387822851 2.87890653210272 23.2929710324675 29.9774405487703 38.3282989873564 4.58007857379979 8.13673386323766 5.56723895905735 6.9355475546111 5.8886724520283 2.55960962581497 0.0624199279914999 0.113572862691452 0.131578091658901 "ccindex"
"37" "c57bl6/j" "female" 30 "c26" 10 0.796660549964281 19 37 3.18664219985712 5.57662384974996 0 0.796660549964281 2.38998164989284 46.2063118979283 52.5795962976425 0.796660549964281 4.77996329978568 0.796660549964281 4.77996329978568 8.76326604960709 8.75 28 95.5992659957137 6.24549473799336 6.81799842230942 46.2063118979283 3.01865579003013 3.17479315847996 9.55992659957137 138.618935693785 21.1752374180506 0.72798841055736 1.29637384653488 1.39952248459372 "ccindex"
"38" "c57bl6/j" "female" 30 "c26" 10 0.310156546672526 19 38 1.2406261866901 1.55078273336263 0.620313093345051 0.930469640017576 2.4812523733802 15.8179838802988 0 2.17109582670768 8.99453985350324 2.4812523733802 14.5773576936087 3.41172201339778 19.2297058936966 13.6468880535911 9.92500949352082 -10.8584223910396 -6.28645506849663 4.34219165341536 2.85747957658938 3.42897549190725 12.406261866901 58.9297438677798 9.78233748205145 0.283607146277357 0.505207795743943 0.551937799823616 "ccindex"
"39" "balb/cj" "female" 30 "b57" 9 0.820092596007272 20 39 11.4812963441018 3.28037038402909 0.820092596007272 0 3.28037038402909 10.6612037480945 0 28.7032408602545 8.20092596007272 15.5817593241382 31.1635186482763 15.5817593241382 13.9415741321236 28 393.644446083491 203.669295901619 144.308395588584 172.219445161527 103.36984364856 102.85811174931 18.04203711216 186.981111889658 24.2747408418153 0.625402613715146 0.999709276384785 1.67379565538542 "ccindex"
"40" "balb/cj" "female" 30 "b57" 9 0.636322904804762 20 40 8.90852066726667 3.81793742882857 3.18161452402381 1.27264580960952 0 5.72690614324286 0 26.0892390969953 5.0905832384381 3.81793742882857 27.3618849066048 15.9080726201191 6.99955195285238 34.9977597642619 222.713016681667 50.6590926126877 44.785574628608 131.082518389781 63.1403183288572 70.1151209349519 16.5443955249238 91.6304982918858 19.1533194346233 0.498240834462129 0.810739013011747 1.05279701976813 "ccindex"
"41" "balb/cj" "male" 30 "b43" 5 0.638576641927039 21 41 5.85361921766453 4.25717761284693 0 0 2.12858880642346 7.45006082248213 0 19.689446459417 0 9.57864962890559 25.5430656770816 10.1107968305115 9.57864962890559 29.2680960883226 245.85200714191 224.356619288942 164.090612511859 134.101094804678 149.17328410169 145.59312528325 25.5430656770816 127.715328385408 21.9883223703544 0.499154075106302 0.900712353438089 1.25297411145471 "ccindex"
"42" "balb/cj" "male" 30 "b43" 6 0.869604245479039 21 42 7.97137225022452 5.79736163652693 1.44934040913173 1.44934040913173 1.44934040913173 8.69604245479039 0 23.9141167506736 4.3480212273952 7.24670204565866 36.9581804328592 15.2180742958832 11.5947232730539 35.5088400237274 323.202911236376 186.228317453609 205.717327419685 223.198423006287 145.084851969672 143.460767805833 49.2775739104789 113.048551912275 31.8420087886241 0.650029173495582 1.14635579660274 1.0872267225831 "ccindex"
"43" "c57bl6/j" "female" 30 "c48" 3 0.529536186548839 22 43 6.17792217640312 4.85408171003102 0.441280155457365 0.882560310914731 1.76512062182946 15.0035252855504 0 17.2099260628373 2.20640077728683 0.441280155457365 16.3273657519225 11.4732840418915 17.6512062182946 19.8576069955814 176.512062182946 120.700979315406 103.936954410489 90.9037120242173 79.509375263323 81.9042359640255 21.1814474619535 67.9571439404343 13.4413935352314 0.389738633299945 0.681618979325665 0.775919891922033 "ccindex"
"44" "c57bl6/j" "female" 30 "c48" 6 0.659254797659662 22 44 7.69130597269606 9.33944296684522 0 0.549378998049719 0 18.6788859336904 0 8.24068497074578 1.64813699414916 4.94441098244747 29.1170868966351 17.0307489395413 19.2282649317402 14.8332329473424 229.640421184782 175.309514586364 164.206578662561 108.777041613844 115.704279627001 121.547930113213 45.0490778400769 74.7155437347617 17.613090677474 0.4872991712701 0.854229404067508 1.05383910569929 "ccindex"
"45" "balb/cj" "female" 30 "b27" 5 0.584721011379837 23 45 2.2553524718207 1.87946039318392 0 0 2.63124455045748 7.14194949409888 0 11.6526544377403 3.38302870773105 9.0214098872828 15.4115752241081 4.13481286500462 9.77319404455636 24.0570930327541 165.392514600185 124.408407872614 201.440358096063 75.9301998846302 64.3741180271082 67.6289891633104 18.0428197745656 62.398085053706 13.5321148309242 0.322365046638905 0.554636279870146 0.944281770777741 "ccindex"
"46" "balb/cj" "female" 30 "b27" 11 0.473718143843434 23 46 1.82719855430262 2.74079783145393 0 0.913599277151309 1.52266546191885 4.26346329337277 0 14.3130553420372 2.43626473907016 4.26346329337277 11.2677244181995 4.56799638575654 6.69972803244293 21.0127833744801 123.64043550781 106.412870753315 102.582007406196 34.1077063469822 36.6060275391404 40.0112394032465 16.4447869887236 47.5071624118681 10.3541251410482 0.281875830310417 0.50525694423576 0.642673144305384 "ccindex"
"47" "c57bl6/j" "male" 30 "c25" 11 1.01648440454718 24 47 3.25275009455099 7.31868771273972 0 0 1.62637504727549 7.31868771273972 0 34.9670635164231 8.13187523637747 0.813187523637747 23 10.5714378072907 8.94506276001521 43.9121262764383 351.297010211507 197.747607967617 135.721184350445 136.615503971141 90.8902049043705 70.0100226966097 22.7692506618569 219.560631382192 31.1450821553257 0.701130282880465 1.20997424392155 1.46612838054882 "ccindex"
"48" "c57bl6/j" "male" 30 "c25" 5 0.926322526669693 24 48 2.96423208534302 0.741058021335755 0 0.741058021335755 0.741058021335755 12.5979863627078 0 14.8211604267151 14.0801024053793 1.48211604267151 23 3.70529010667877 14.0801024053793 30.3833788747659 346.815153985133 247.164335888446 266.641960184003 173.407576992567 150.44785662775 153.80606771319 23.7138566827442 151.175836352494 29.390361126176 0.621895891504965 1.05663016914137 1.56266793652156 "ccindex"
"49" "balb/cj" "female" 30 "b36" 4 0.193296573906622 25 49 1.28864382604414 3.06052908685484 0.322160956511036 0 0.80540239127759 3.5437705216214 0 5.47673626068761 0.483241434766554 1.28864382604414 6.92646056498728 4.67133386941002 4.34917291289899 7.24862152149831 13.2085992169525 31.2407066765584 37.6045543328944 9.34266773882005 30.0836434663155 30.0836434663155 12.8864382604414 32.8604175641257 5.48317947981783 0.133793445239033 0.225934700410755 0.347130792724774 "ccindex"
"50" "balb/cj" "female" 30 "b36" 7 0.658798463748733 25 50 4.39198975832489 11.5289731156028 0.548998719790611 0 1.64699615937183 12.6269705551841 0 23.0579462312057 3.29399231874367 4.9409884781155 17.5679590332996 16.4699615937183 14.2739667145559 31.2929270280648 14.2739667145559 -30.3875006220272 -18.8612072826375 0 0 0 26.3519385499493 43.9198975832489 18.7208563448598 0.450947548436008 0.756399456153108 1.33087700779166 "ccindex"
"51" "c57bl6/j" "male" 30 "c26" 11 0.394678063583099 26 51 0.789356127166199 6.70952708091269 0.394678063583099 0.789356127166199 0.394678063583099 11.4456638439099 0 11.0509857803268 6.31484901732959 1.5787122543324 15.3924444797409 7.89356127166199 12.6296980346592 18.9445470519888 47.3613676299719 28.0451061146857 26.6428508089514 9.47227352599438 5.60902122293714 5.84273044055952 26.8381083236508 49.7294360114705 14.2794523404365 0.364840401976217 0.653539511925982 0.768120781804 "ccindex"
"52" "c57bl6/j" "male" 30 "c26" 13 0.623868595132999 26 52 1.247737190266 4.99094876106399 0 0 1.871605785399 24.330875210187 0 11.853503307527 9.98189752212799 0.623868595132999 26.202480995586 6.23868595132999 26.202480995586 22.459269424788 61.1391223230339 46.1282502876548 25.876823332099 36.184378517714 32.627298983951 30.939680070988 9.98189752212799 71.1210198451619 23.632142383638 0.591676975624137 1.07347821427345 1.21050356958119 "ccindex"
"53" "balb/cj" "female" 30 "b37" 16 0.278969823831475 27 53 2.32474853192895 1.85979882554316 0 0 4.64949706385791 5.1144467702437 0 15.3433403107311 0 4.18454735747212 26.9670829703759 4.18454735747212 9.76394383410161 19.5278876682032 33.476378859777 -281.902820224041 -235.135532076274 21.3876864937464 22.0845527364456 16.8881873866937 29.7567812086906 162.732397235027 16.1244558174592 0.429892498524302 0.770151992651552 0.476059635914607 "ccindex"
"54" "balb/cj" "female" 30 "b37" 10 0.0685526827419277 27 54 0.571272356182731 0.799781298655824 0.114254471236546 0 0.457017884946185 1.4853081260751 0 4.22741543575221 0 1.02829024112892 7.31228615913896 1.4853081260751 1.94232601102129 5.25570567688113 44.559243782253 176.157635891434 231.702836397742 29.0206356940827 201.54972755146 201.54972755146 8.68333981397751 25.8215104994594 3.83438005469849 0.103994419719504 0.184811177403963 0.234224703375783 "ccindex"
"55" "balb/cj" "male" 30 "b24" 10 0.123949317980727 28 55 0.650733919886868 1.30146783977374 0.216911306628956 0.108455653314478 0.325366959943434 1.08455653314478 0 1.9522017596606 0.433822613257912 0.976100879830302 6.50733919886868 2.16911306628956 1.51837914640269 3.36212525274882 3.03675829280539 -40.2519227639676 -21.6167733362048 0.433822613257912 1.49081195422102 2.98162390844204 7.37498442538451 8.67645226515824 4.52693896934631 0.0922740698399579 0.158037239783725 0.233907029167252 "ccindex"
"56" "balb/cj" "male" 30 "b24" 11 0.54255209007616 28 56 2.84839847503614 3.32313155420883 1.89893231669076 0.94946615834538 0.94946615834538 6.64626310841766 0 17.5651239293895 0.94946615834538 1.89893231669076 25.1608531961526 8.07046234593573 8.54519542510842 20.4135224044257 27.534518592016 8.14558386656894 5.23644677136575 12.3430600584899 10.4728935427315 11.0547209617721 50.3217063923052 112.037006684755 19.6824334624997 0.390515430927455 0.655615876999069 1.03722461940255 "ccindex"
"57" "c57bl6/j" "male" 30 "c48" 4 1.09989714357118 29 57 4.58290476487993 8.24922857678388 1.83316190595197 1.83316190595197 1.83316190595197 10.0823904827359 0 29.3305904952316 2.74974285892796 6.41606667083191 23 14.6652952476158 13.7487142946398 38.4964000249914 441.792019334426 90.7595306314744 80.6751383390883 254.809504927324 58.2144464151376 57.2976834794661 58.6611809904631 219.979428714237 NA NA NA NA "ccindex"
"58" "c57bl6/j" "male" 30 "c48" 6 0.0944292641387819 29 58 0.393455267244925 0.31476421379594 0 0 0.393455267244925 1.18036580173477 0 4.24931688624519 0.15738210689797 1.0229836948368 3.69847951210229 0.708219481040864 1.5738210689797 5.42968268797996 NA NA NA NA NA NA NA NA NA NA NA NA "ccindex"
"59" "balb/cj" "female" 30 "b43" 3 0.69420218098521 30 59 7.52052362733977 6.36351999236442 1.15700363497535 0 0 2.3140072699507 0 22.5615708820193 2.3140072699507 13.8840436197042 19.6690617945809 15.0410472546795 2.3140072699507 38.7596217716742 238.342748804922 148.713250939916 187.957025493505 133.055418022165 100.174898202582 105.338552749107 53.2221672088661 197.847621580785 19.9583127033248 0.477842501244819 0.804233226671366 0.961534215854199 "ccindex"
"60" "balb/cj" "female" 30 "b43" 7 0.598430476394618 30 60 6.48299682760836 1.99476825464873 0 0 1.49607619098654 4.98692063662181 0 17.4542222281763 3.98953650929745 2.99215238197309 26.4306793740956 8.47776508225708 6.48299682760836 24.4359111194469 224.411428647982 68.9161279217971 72.1668886728252 66.8247365307323 23.8389121742065 24.2723469410103 24.9346031831091 21.942450801136 18.3119725776753 0.447426519517709 0.789150269221582 0.807181697591924 "ccindex"
"61" "balb/cj" "male" 30 "b39" 15 0.654539104881651 31 61 3.27269552440825 6.54539104881651 2.18179701627217 0 2.18179701627217 27.2724627034021 0 46.9086358498516 6.54539104881651 4.36359403254434 23 11.9998835894969 29.4542597196743 28 130.90782097633 -43.0355840036258 -39.699492220399 17.4543761301773 -0.667218356645361 -0.834022945806701 37.0905492766269 115.635241862425 39.1850744122481 0.959117968353245 1.67326376771945 1.93167497724386 "ccindex"
"62" "balb/cj" "male" 30 "b39" 7 0.499363927790807 31 62 2.49681963895404 4.99363927790807 0 0 0 24.1359231765557 0 24.1359231765557 9.15500534283147 6.65818570387743 23 7.49045891686211 24.1359231765557 39.9491142232646 244.688324617496 6.83430513626562 -18.6629101798023 149.809178337242 40.480115037881 40.480115037881 23.303649963571 143.150992633365 32.2589097352861 0.775012815931333 1.39342510410747 1.83730038471892 "ccindex"
"63" "balb/cj" "female" 30 "b52" NA NA 32 63 2.93532175756261 0.838663359303602 0 0 0 0.838663359303602 0 9.22529695233963 0.838663359303602 12.1606187099022 26.8372274977153 3.77398511686621 0.838663359303602 22.2245790215455 50.3198015582161 -197.724171192801 -200.913270728168 0 -7.97274883841938 -3.98637441920969 20.9665839825901 105.671583272254 12.9992820692058 0.365908823664162 0.635715212985724 0.982115682776601 "ccindex"
"64" "balb/cj" "female" 30 "b52" NA NA 32 64 4.17760981891286 1.19360280540367 0 1.19360280540367 0 1.19360280540367 0 22.6784533026698 3.58080841621102 16.7104392756514 28.0496659269863 5.37121262431653 2.38720561080735 42.9697009945322 300.787906961726 280.500538476167 201.808079718148 23.8720561080735 25.3846641154903 24.750047512603 45.3569066053396 89.5202104052755 20.9477292348345 0.512652404920878 0.882848315016827 1.37544441027963 "ccindex"
"65" "balb/cj" "male" 30 "b51" 12 0.570220659700468 33 65 4.56176527760374 1.14044131940094 0 0 6.84264791640561 9.69375121490795 0 13.6852958328112 2.28088263880187 13.1150751731108 29.6514743044243 5.70220659700468 16.5363991313136 29.0812536447239 NA NA NA NA NA NA NA NA NA NA NA NA "ccindex"
"66" "balb/cj" "male" 30 "b51" 14 0.230055626329593 33 66 1.84044501063675 2.53061188962553 0 0.920222505318373 0.920222505318373 2.76066751595512 0 7.59183566887658 2.53061188962553 1.15027813164797 11.9628925691388 4.37105690026227 4.60111252659186 11.2727256901501 92.4823617844965 186.079651634203 357.792859576059 12.8831150744572 32.8375855825064 40.3628656118307 15.6437825904123 19.3246726116858 9.09179835254552 0.204749507433338 0.359576943953154 0.544008698112741 "ccindex"
"67" "balb/cj" "female" 30 "b54" 5 1.61671882041056 34 67 6.46687528164225 11.3170317428739 0 0 6.46687528164225 8.08359410205281 0 29.1009387673901 1.61671882041056 8.89195351225809 23 17.7839070245162 14.5504693836951 39.6096111000588 232.807510139121 19.0629102617118 74.2091863759497 58.2018775347802 46.2956392070145 54.4654578906053 30.7176575878007 113.170317428739 NA NA NA NA "ccindex"
"68" "balb/cj" "female" 30 "b54" 0 1.09846725943595 34 68 4.3938690377438 6.59080355661571 0 0 4.3938690377438 6.59080355661571 0 21.4201115590011 1.64770088915393 6.59080355661571 21.4201115590011 10.9846725943595 10.9846725943595 29.6586160047707 232.875059000422 -17.2806898943607 -10.1182986881454 121.929865797391 -12.0510074263305 -10.8572755586279 14.2800743726674 130.717603872878 NA NA NA NA "ccindex"
"69" "balb/cj" "male" 30 "b53" 5 0.733753856169072 35 69 5.1362769931835 11.7400616987052 2.93501542467629 0 4.40252313701443 5.1362769931835 0 25.6813849659175 5.87003084935258 7.33753856169072 29.3501542467629 19.8113541165649 9.53880013019794 38.8889543769608 278.826465344247 78.223824176229 85.197265866358 95.3880013019794 34.5640153336826 35.7767878015311 36.6876928084536 107.128063000685 26.855391135788 0.660671972094632 1.16746108547349 1.51508786667583 "ccindex"
"70" "balb/cj" "male" 30 "b53" 14 0.504099495831577 35 70 3.52869647082104 2.52049747915789 0 1.00819899166315 5.04099495831577 8.06559193330524 0 18.1475818499368 2.52049747915789 3.02459697498946 23.1885768082526 6.04919394997893 14.1147858832842 23.6926763040841 14.1147858832842 -154.682217810647 -142.617004821416 0 0 5.259195405562 45.3689546248419 45.3689546248419 18.0265979709372 0.42959359034767 0.736459117440184 1.05125681443604 "ccindex"
"71" "balb/cj" "female" 30 "b55" 3 0.0248598574524425 36 71 0.0870095010835486 0.174019002167097 0 0 0.19887885961954 0.124299287262212 0 0.459907362870185 0.0248598574524425 0.211308788345761 0.472337291596407 0.261028503250646 0.323178146881752 0.696076008668389 6.28954393546794 83.23105361204 69.3592113433666 3.90299762003347 53.3532394948974 50.8634216518022 0.795515438478159 2.83402374957844 NA NA NA NA "ccindex"
"72" "balb/cj" "female" 30 "b55" 3 0.630745057178577 36 72 2.20760770012502 3.15372528589289 0.630745057178577 0 3.78447034307146 5.04596045742862 0 11.3534110292144 0.946117585767866 1.26149011435715 15.4532539008751 5.99207804319648 8.83043080050008 13.5610187293394 122.995286149823 223.553178525446 219.561157480349 48.5673694027504 143.712757623501 135.728715533306 21.4453319440716 49.198114459929 NA NA NA NA "ccindex"
"73" "balb/cj" "male" 30 "b57" 7 0.683484705274186 37 73 1.36696941054837 2.05045411582256 2.05045411582256 0.683484705274186 0 9.56878587383861 0 27.3393882109674 2.73393882109674 11.6192399896612 32.1237811478867 5.46787764219349 10.2522705791128 41.6925670217253 164.036329265805 -32.1753068004891 -19.800188800301 97.0548281489344 80.4382670012226 82.2945347012508 57.4127152430316 113.458461075515 25.3709522597778 0.585472998537868 1.00664994362193 1.48624657649742 "ccindex"
"74" "balb/cj" "male" 30 "b57" 6 0.726622025435863 37 74 1.45324405087173 2.90648810174345 0 0 1.45324405087173 10.8993303815379 0 7.26622025435863 11.6259524069738 12.3525744324097 23 4.35973215261518 12.3525744324097 31.2447470937421 255.770952953424 44.6151417645312 60.9071879145005 154.043869392403 50.6306664968276 49.3774321775992 33.4246131700497 162.763333697633 26.7106256550223 0.624168319849406 1.07489196222727 1.54038171513128 "ccindex"
"75" "balb/cj" "female" 30 "b56" 5 0.806948835824741 38 75 2.01737208956185 2.68982945274914 0 0 6.72457363187284 12.1042325373711 0 15.4665193533075 2.68982945274914 7.39703099506012 23 4.70720154231099 18.828806169244 25.5533798011168 281.087177812285 123.107558065896 85.3665548632122 134.491472637457 77.2791970340658 77.2791970340658 60.5211626868556 125.077069552835 NA NA NA NA "ccindex"
"76" "balb/cj" "female" 30 "b56" 4 0.585749975762531 38 76 1.46437493940633 4.88124979802109 1.95249991920844 0.488124979802109 3.41687485861476 4.88124979802109 0 24.8943739699076 2.92874987881265 6.83374971722952 18.5487492324801 8.29812465663585 8.78624963643796 34.6568735659497 267.492488931556 54.1959012072182 57.702694814744 123.983744869736 26.9916841306538 27.2042170765644 32.2162486669392 122.031244950527 NA NA NA NA "ccindex"
"77" "balb/cj" "female" 30 "b10" 9 0.199451852403529 39 77 1.12191667089177 2.91698334431859 0.67315000253506 0.448766668356707 0.67315000253506 1.34630000507012 0 7.62903336206401 0.67315000253506 3.14136667849695 10.3216333722042 4.71205001774542 2.46821667596189 11.443550043096 75.8415669522834 -16.2520566753341 -16.3831216485223 22.887100086192 -8.65028823041976 -9.17454812317248 7.62903336206401 18.8482000709817 NA NA NA NA "ccindex"
"78" "balb/cj" "female" 30 "b10" 4 0.324134972099607 39 78 1.82325921988355 2.18791106386026 0.36465184397671 0 4.37582212772052 2.91721475181368 0 20.7851551066725 1.09395553193013 2.18791106386026 13.1274663831616 4.37582212772052 7.2930368795342 24.0670217024629 107.936945817106 9.77943624157889 28.727093959638 49.5926507808326 73.3457718118416 70.9009127514469 16.7739848229287 40.8410065253915 NA NA NA NA "ccindex"
"79" "balb/cj" "male" 30 "b4t" 5 0 40 79 2.09559566032671 2.4448616037145 0 0 0.349265943387786 4.889723207429 0 10.8272442450214 2.79412754710228 0.698531886775571 19.9081587731038 4.54045726404121 5.23898915081678 14.3199036788992 106.176846789887 41.7750186180167 24.3687608605097 25.1471479239206 16.9089361072925 23.3741175600808 30.7354030181251 45.4045726404121 14.5923311147417 0.309519479030256 0.54231920093595 0 "ccindex"
"80" "balb/cj" "male" 30 "b4t" 6 0 40 80 2.68962024476522 1.34481012238261 0 0 0 8.51713077508987 0 8.06886073429567 2.68962024476522 1.79308016317681 31.8271728963885 4.03443036714783 8.51713077508987 12.5515611422377 27.7927425292406 -295.802408572104 -283.666925143505 12.5515611422377 0 4.55080628572468 40.3443036714783 27.7927425292406 18.6032066929594 0.430518547178753 0.785853243115503 1.09680084657044 "ccindex"
"81" "c57bl6/j" "female" 30 "c4t" 6 0.524477250545229 41 81 0.655596563181536 9.83394844772304 0 1.31119312636307 5.24477250545229 33.4354247222583 0 10.4895450109046 10.4895450109046 3.27798281590768 24.2570728377168 10.4895450109046 8.75 24.2570728377168 243.881921503531 156.068732504604 143.55940661683 52.4477250545229 41.6977529592454 39.9107064038491 23.6014762745353 78.6715875817843 21.267552509609 0.572335799657481 0.994605546002708 1.25031928616537 "ccindex"
"82" "c57bl6/j" "female" 30 "c4t" 6 0.319856696223034 41 82 0.399820870278792 1.19946261083638 0.799641740557585 0.399820870278792 1.19946261083638 26.7879983086791 5.99731305418189 6.79695479473947 5.59749218390309 0 9.99552175696981 2.39892522167275 28.3872817897943 18.3917600328245 179.919391625457 39.0833563411729 38.2492603216966 72.7673983907402 16.681920389525 17.9926427058448 15.9928348111517 100.754859310256 11.7547335861965 0.327373328584275 0.548058456143357 0.817476893164418 "ccindex"
"83" "c57bl6/j" "female" 69 "c3r" 9 0.462727315664555 42 83 0 2.02443200755075 1.21465920453045 0 1.6195456060406 8.90750083322332 0 15.3856832573857 6.88306882567256 3.23909121208121 16.195456060406 3.23909121208121 10.5270464392639 25.5078432951395 162.764333407081 45.9487418575668 47.4256657029886 36.4397761359136 12.1435960623569 11.9794934128656 14.5759104543654 36.4397761359136 17.070010687668 0.39646476435874 0.791245201287197 0.761606768466584 "ccindex"
"84" "c57bl6/j" "female" 69 "c3r" 7 0.878253348786644 42 84 0 4.610830084588 0.768471680764667 0 0 20.748735380646 15.3694336152933 6.916245126882 19.9802636998813 1.53694336152933 23 5.37930176535267 20.748735380646 43.802885803586 NA NA NA NA NA NA NA NA NA NA NA NA "ccindex"
"85" "balb/cj" "female" 69 "b3r" 4 0.382580504779613 43 85 3.0606440382369 6.1212880764738 0 0 2.55053669853075 2.55053669853075 0 29.0761183632506 1.53032201911845 8.67182477500456 17.3436495500091 9.1819321147107 5.1010733970615 39.2782651573736 192.820574408925 164.894634616253 133.34957408097 67.3341688412118 71.6933193983708 67.3917202344686 22.4447229470706 123.445976208888 23.1996818098357 0.488580809970551 0.972856313993982 1.07915071647055 "ccindex"
"86" "balb/cj" "female" 69 "b3r" 7 0.484576242567159 43 86 3.87660994053727 2.58440662702485 1.29220331351242 0 7.10711822431833 3.23050828378106 0 43.9349126594224 1.29220331351242 5.1688132540497 20.0291513594426 7.75321988107455 10.3376265080994 28 167.986430756615 19.1271814354648 10.8387361467634 98.2074518269443 79.0590165999212 77.7838711708902 23.2596596432236 138.265754545829 28.5706152617597 0.622712776781637 1.24074777756836 1.25786765334234 "ccindex"
"87" "c57bl6/j" "male" 69 "c3r" 8 0.575060306562709 44 87 1.00635553723951 2.01271107447902 0 0 3.01906661171852 10.0635553723951 0 6.03813322343705 1.00635553723951 17.1080441330716 27.1715995054667 3.01906661171852 13.0826219841136 24.1525328937482 NA NA NA NA NA NA NA NA NA NA NA NA "ccindex"
"88" "c57bl6/j" "male" 69 "c3r" 5 0.379009676265769 44 88 0.663266933962546 5.30613547170037 0 0 1.65816733490637 2.98470120283146 0 7.95920320755056 9.94900400943819 1.32653386792509 11.9388048113258 5.96940240566292 4.64286853773782 19.2347410849138 117.398247311371 148.150323643398 90.2103455848413 56.3776893868164 117.346791004672 116.613373560892 28.5204781603895 51.0715539151161 17.5898390886867 0.33594470205203 0.672751651118211 0.663070759501488 "ccindex"
"89" "c57bl6/j" "male" 69 "c7t" 3 0.299270258118624 45 89 0.448905387626841 3.14233771338789 0.897810775253683 0 0.897810775253683 6.28467542677578 0 9.87591852779051 7.6313915896563 0.448905387626841 30.9744717462521 4.48905387626841 7.18248620202946 17.9562155050737 161.605939545663 143.837335264176 112.027155349983 67.3358081440262 85.7491806382587 82.291552386716 24.2408909318494 71.8248620202946 23.7470950054599 0.437054285393493 0.871738350340316 0.840518656843586 "ccindex"
"90" "c57bl6/j" "male" 69 "c7t" 9 0.173975711966986 45 90 0.260963568211443 1.8267449774801 0.521927136422886 0.521927136422886 0.521927136422886 3.13156281853732 0 10.1775791602463 0.521927136422886 0.260963568211443 14.0920326834179 2.60963568211443 4.17541709138309 10.9604698648806 111.692407194498 296.125458496917 346.146650810585 56.8900578700946 180.076292329206 186.078835406846 2.60963568211443 45.929588005214 14.0502785125041 0.258249547102044 0.515956289982208 0.460035315625323 "ccindex"
"91" "balb/cj" "male" 69 "b7t" 8 0.310743774903385 46 91 1.24297509961354 0.932231324710155 0 0 1.86446264942031 1.24297509961354 0 16.7801638447828 1.24297509961354 4.35041284864739 13.3619823208456 2.17520642432369 3.10743774903385 22.3735517930437 NA NA NA NA NA NA NA NA NA NA NA NA "ccindex"
"92" "balb/cj" "male" 69 "b7t" 6 0.42837717764032 46 92 1.71350871056128 2.99864024348224 0.42837717764032 0 1.28513153292096 0.856754355280639 0 27.8445165466208 2.57026306584192 1.71350871056128 15.4215783950515 5.14052613168383 2.1418858882016 32.128288323024 183.345432030057 69.5792323871445 32.0064468980864 81.3916637516607 34.3257546443246 34.5576854189484 8.56754355280639 101.097013923115 23.4236640733727 0.406444266145135 0.808501949991233 0.84947915798918 "ccindex"
"93" "c57bl6/j" "female" 69 "c11" 8 0.763323999821185 47 93 1.52664799964237 1.52664799964237 0 0 1.52664799964237 6.10659199856948 18.3197759957084 1.52664799964237 32.0596079924898 1.52664799964237 33.5862559921321 3.05329599928474 7.63323999821185 28 24.4263679942779 -2.42464990381467 -1.21232495190734 1.52664799964237 0 0.173189278843905 112.971951973535 154.191447963879 31.3420834326579 0.715539917432379 1.421523018387 1.44280155423126 "ccindex"
"94" "c57bl6/j" "female" 69 "c11" 7 0.222172336272021 47 94 0.444344672544041 1.99955102644819 0 0 0.222172336272021 0.444344672544041 0 7.33168709697668 0 3.99910205289637 13.5525125125933 2.44389569899223 0.666517008816062 11.3307891498731 15.9964082115855 15.5578843276042 11.4091151735764 6.22082541561658 14.5206920390972 14.5206920390972 12.8859955037772 40.4353652015078 9.85556483702684 0.217284544874036 0.433591531468476 0.471454038816679 "ccindex"
"95" "balb/cj" "female" 69 "b14" 6 0.704513938762185 48 95 2.81805575504874 7.04513938762185 1.40902787752437 2.81805575504874 2.81805575504874 0 0 47.9069478358286 0 12.6812508977193 19.7263902853412 11.272223020195 5.63611151009748 28 191.627791343314 7.11925511464712 6.22934822531623 70.4513938762185 81.8714338184419 72.0824580358021 49.3159757133529 125.403481099669 31.3085994385915 0.668020116734304 1.32874146906303 0 "ccindex"
"96" "balb/cj" "female" 69 "b14" 7 0.349465956398708 48 96 1.39786382559483 2.09679573839225 0 0 2.79572765118966 2.09679573839225 0 23.7636850351121 4.1935914767845 0.698931912797416 11.8818425175561 3.49465956398708 4.89252338958191 28.6562084246941 104.839786919612 15.3775373875274 10.484684582405 39.1401871166553 7.2693813104675 8.24795187149197 14.6775701687457 92.2590124892589 14.7754206365374 0.336046463672998 0.669409028800853 0.673808817073755 "ccindex"
"97" "c57bl6/j" "male" 69 "c11" 6 0.363086379167193 49 97 1.08925913750158 3.26777741250474 0 0.363086379167193 1.08925913750158 1.81543189583597 0 14.5234551666877 1.81543189583597 3.26777741250474 20.69592361253 4.35703655000632 3.26777741250474 19.6066644750284 37.7609834333881 68.4743924910738 50.6425194465233 7.26172758334387 9.98584890494826 7.84602413960221 24.6898737833691 85.6883854834576 20.0423681300291 0.332514506041316 0.658914637457456 0.706394771551348 "ccindex"
"98" "c57bl6/j" "male" 69 "c11" 4 0.615089201863951 49 98 1.84526760559185 3.07544600931976 0 1.2301784037279 1.2301784037279 5.53580281677556 0 16.6074084503267 7.38107042236742 0 23 4.92071361491161 7.99615962423137 23.9884788726941 NA NA NA NA NA NA NA NA NA NA NA NA "ccindex"
"99" "balb/cj" "male" 69 "b14" 10 0.619659594759299 50 99 0.619659594759299 6.19659594759299 0 1.2393191895186 0 3.7179575685558 0 39.0385544698359 2.4786383790372 3.7179575685558 22.9274050060941 6.81625554235229 4.9572767580744 45.2351504174289 256.53907223035 78.459092682454 70.4053447580961 143.761025984157 56.6360337906456 55.5968405100833 28.5043413589278 183.419240048753 38.0594923101162 0.594501415212072 1.1839711945147 1.26568805130683 "ccindex"
"100" "balb/cj" "male" 69 "b14" 9 0.132413735497942 50 100 0.132413735497942 1.05930988398353 0 0 0.529654941991767 0.79448241298765 0 4.23723953593413 0.264827470995883 0.79448241298765 9.00413401386003 1.19172361948148 1.32413735497942 5.29654941991767 55.3489414381396 176.965239389375 161.628251975629 25.6882646866007 95.5612292702624 99.1005340580499 5.03172194892178 34.6923987004607 7.6614587359109 0.12608435894114 0.25090284257092 0.278499965130536 "ccindex"
"101" "c57bl6/j" "female" 69 "c16" 12 0.181135767183729 51 101 1.90192555352723 2.53590073803631 0 0.633975184509078 1.26795036901816 2.53590073803631 0 16.483354797236 3.16987592254539 0.633975184509078 13.3134788746906 4.43782629156355 4.43782629156355 20.2872059042905 101.436029521452 80.7267593481119 101.469051680613 31.0647840409448 47.0906096197319 47.0906096197319 17.7513051662542 61.4955928973806 13.0218502898165 0.283640497549361 0.560611576157687 0.688022857226052 "ccindex"
"102" "c57bl6/j" "female" 69 "c16" 4 0.319930461496395 51 102 3.35926984235288 3.35926984235288 0 0 4.47902645647051 4.47902645647051 0 24.6346455105878 1.11975661411763 7.83829629882339 27.9939153529407 6.71853968470576 8.95805291294101 33.5926984235288 167.963492117644 44.4586373729175 15.8075155103707 52.6285608635285 37.5428493371303 39.5187887759266 32.4729418094112 59.3471005482342 22.1263906949643 0.483510905975991 0.951748331735418 1.20061123827533 "ccindex"
"103" "balb/cj" "female" 69 "b17" 8 0.60952144625946 52 103 1.64570790358398 3.83998510836261 0 1.64570790358398 1.64570790358398 4.38855440955727 0 37.3027124812368 1.09713860238932 4.38855440955727 18.6513562406184 5.48569301194659 7.67997021672522 42.7884054931834 226.010552092199 132.903291880767 161.684896491889 115.199553250878 77.8796360065644 79.5726715719245 27.4284650597329 87.7710881911454 24.5100763773773 0.511924871874855 1.01652085788575 1.13875752615495 "ccindex"
"104" "balb/cj" "female" 69 "b17" 11 0.388021700191733 52 104 1.04765858967955 2.44453670925229 0 0.349219529893184 0.698439059786368 3.84141482882502 0 24.0961475626297 2.79375623914547 1.39687811957274 10.4765858967955 3.49219529893184 4.88907341850458 28.2867819213479 101.97210272881 9.87160579454852 65.2231097139813 14.6672202555137 9.87160579454852 10.5767204941591 14.6672202555137 11.1750249565819 13.1027167615923 0.314996015963652 0.623147329141398 0.464738834604356 "ccindex"
"105" "c57bl6/j" "male" 69 "c16" 8 0.341270852977422 53 105 5.37501592901938 1.79167197633979 1.19444798422653 0 3.58334395267959 4.77779193690612 0 14.9305998028316 4.18056794479285 14.9305998028316 29.26397561355 8.36113588958571 8.36113588958571 34.0417675504561 279.500828309008 220.804250272664 289.657188529732 96.7502867223489 90.2210915092607 95.563129822309 25.0834076687571 107.500318580388 29.7656437669251 0.546340507985215 1.08250431914482 1.28501874055232 "ccindex"
"106" "c57bl6/j" "male" 69 "c16" 4 0.432917035238542 53 106 6.81844329818859 3.03041924363937 0 1.51520962181969 6.06083848727875 3.78802405454922 0 35.6074261127626 5.3032336763689 1.51520962181969 36.3650309236725 9.84886254182796 11.3640721636477 42.4258694109512 NA NA NA NA NA NA NA NA NA NA NA NA "ccindex"
"107" "balb/cj" "male" 69 "b17" 12 0.546390944851941 54 107 2.95051109984007 6.88452589962684 0.983503699946691 0.983503699946691 3.93401479978677 3.93401479978677 0 20.6535776988805 1.96700739989338 7.86802959957353 18.1948184490138 10.8185406994136 8.85153329952022 30.4886146983474 130.80599209291 29.1886005171137 29.7098255263479 26.5545998985607 14.5943002585569 14.5943002585569 21.6370813988272 81.6308070955754 25.7382918276049 0.445035424225878 0.880727563302262 0.795882018969826 "ccindex"
"108" "balb/cj" "male" 69 "b17" 11 0.185573274610091 54 108 1.00209568209282 2.00419136418563 0 0 2.33822325821657 1.33612757612375 0 6.68063788061878 0.668063788061877 2.00419136418563 6.68063788061878 3.00628704627845 3.67435083434033 9.35289303286629 28.0586790985989 -130.218693996744 -202.214606543021 15.6994990194541 43.8235989412119 44.4496503546578 2.00419136418563 42.7560824359602 9.59005567762825 0.164878142893671 0.329328724962983 0.30063051140636 "ccindex"
"109" "c57bl6/j" "female" 69 "c28" 8 0.629715513528308 55 109 1.25943102705662 3.77829308116985 0 0 4.40800859469815 5.03772410822646 0 12.5943102705662 10.7051637299812 20.1508964329058 24.558905027604 5.03772410822646 9.44573270292462 43.4503704334532 229.216446924304 48.585877273179 39.9270080561768 80.6035857316234 27.9008008103404 27.419752520507 20.1508964329058 102.013913191586 25.2893750232968 0.59306607064096 1.17880225270445 1.15091491076423 "ccindex"
"110" "c57bl6/j" "female" 69 "c28" 9 0.725816159717356 55 110 1.45163231943471 5.08071311802149 1.45163231943471 0 4.35489695830414 4.35489695830414 0 7.25816159717356 4.35489695830414 37.7424403053025 34.8391756664331 7.98397775689091 8.70979391660827 28 236.616068067858 87.5313445002393 62.7090229255446 66.7750866939967 45.7253292165429 41.8060152836964 10.161426236043 130.646908749124 29.148776974249 0.687783392948166 1.3679602325425 1.32579009011154 "ccindex"
"111" "balb/cj" "female" 69 "b26" 0 0.514509920077633 56 111 1.28627480019408 3.00130786711952 0.428758266731361 0.857516533462721 2.1437913336568 4.71634093404497 0 28.2980456042698 2.57254960038816 3.85882440058224 12.8627480019408 4.71634093404497 7.71764880116449 34.7294196052402 154.35297602329 115.015050314734 102.513414410958 45.4483762735242 37.0048422751752 34.5045150944202 9.43268186808993 64.3137400097041 19.482775640273 0.429444279958131 0.859025762561615 0.940469605283066 "ccindex"
"112" "balb/cj" "female" 69 "b26" 4 0.98555022572013 56 112 2.46387556430032 6.5703348381342 0.821291854766775 1.64258370953355 3.2851674190671 9.03421040243452 0 56.6691379789075 6.5703348381342 4.92775112860065 20.5322963691694 9.8555022572013 13.9619615310352 28 354.798081259247 166.764253573937 172.391268265082 175.75645692009 97.1938901197793 91.05532863853 37.7794253192716 157.688036115221 39.2741764949472 0.847244677377405 1.69967991927694 1.67206712128046 "ccindex"
"113" "c57bl6/j" "male" 69 "c28" 5 0.212541036240112 57 113 0 1.27524621744067 0.212541036240112 0 0 1.06270518120056 0 7.43893626840393 0.637623108720337 3.82573865232202 12.3273801019265 1.48778725368079 1.06270518120056 11.9022980294463 NA NA NA NA NA NA NA NA NA NA NA NA "ccindex"
"114" "c57bl6/j" "male" 69 "c28" 8 0.747050536995193 57 114 0 1.49410107399039 0 0 4.48230322197116 2.98820214798077 0 6.72345483295674 2.98820214798077 26.1467687948318 23 1.49410107399039 7.47050536995193 35.8584257757693 276.408698688222 128.219959733056 175.861320918273 113.551681623269 84.6957532181651 84.6957532181651 19.423313961875 67.2345483295674 42.2531783724481 0.723443740026145 1.44216612065848 1.35854575987406 "ccindex"
"115" "balb/cj" "male" 69 "b26" 4 0.330300350550285 58 115 2.2020023370019 1.65150175275142 0 0.275250292125237 2.47725262912714 1.65150175275142 0 18.7170198645161 0.825750876375712 3.30300350550285 8.25750876375712 3.85350408975332 4.4040046740038 22.8457742463947 112.852619771347 229.588767595393 249.620002352038 54.499557840797 127.891729600118 124.810001176019 6.6060070110057 37.4340397290323 17.2967283571499 0.289728457491025 0.582352548055207 0.598622853760007 "ccindex"
"116" "balb/cj" "male" 69 "b26" 4 0.11206186816441 58 116 0.747079121096068 0.747079121096068 0.186769780274017 0.0933848901370085 0.747079121096068 0.280154670411025 0 5.04278406739846 0.747079121096068 1.77431291260316 2.61477692383624 1.68092802246615 1.1206186816441 7.56417610109769 39.4084236378176 141.060582380643 155.166640618708 17.1828197852096 75.8808650047599 77.3401124086976 6.91048187013863 16.0622011035655 5.68340441373834 0.0909382060154189 0.18138707520652 0.198273897201167 "ccindex"
"117" "c57bl6/j" "female" 69 "c33" 6 0.578520555109322 59 117 2.16945208165996 2.16945208165996 1.4463013877733 0 2.89260277554661 4.33890416331991 0 30.3723291432394 9.40095902052648 8.67780832663983 31.095479837126 5.78520555109322 7.23150693886652 28 NA NA NA NA NA NA NA NA 30.0541428379293 0.666166419208384 1.32093598348111 1.40673338184331 "ccindex"
"118" "c57bl6/j" "female" 69 "c33" 5 0.365382021153726 59 118 1.37018257932647 0.456727526442157 0 0 1.82691010576863 4.56727526442157 0 9.5912780552853 8.22109547595883 4.11054773797941 29.2305616922981 1.82691010576863 6.3941853701902 21.9229212692235 168.989184783598 130.210634326863 85.8531654902391 68.5091289663236 101.592912496783 95.869368130767 25.5767414807608 113.268426557655 18.0681409460517 0.428410419802743 0.851157418277604 0.922147155929557 "ccindex"
"119" "c57bl6/j" "male" 69 "c33" 6 0.459823788545633 60 119 2.29911894272817 4.02345814977429 0 1.14955947136408 1.14955947136408 5.17301762113838 0 17.2433920704613 5.17301762113838 12.6451541850049 25.2903083700098 6.32257709250246 7.47213656386654 35.0615638766045 273.595154184652 79.3534310198177 83.3883512411644 112.65682819368 60.5238033202 58.5063432095266 54.0292951541119 140.246255506418 34.5442621144907 0.55466244493317 1.10530143171657 1.13899842941564 "ccindex"
"120" "c57bl6/j" "male" 69 "c33" 9 0.438057193042871 60 120 2.19028596521435 3.28542894782153 0 0 4.92814342173229 2.73785745651794 0 7.11842938694665 1.09514298260718 19.7125736869292 29.0212890390902 5.47571491303588 7.66600087825023 27.926146056483 268.310030738758 166.551787279333 159.874003355397 86.5162956259669 61.2784877725847 61.2784877725847 24.0931456173579 83.2308666781454 31.6496321973474 0.551404491742713 1.10357558357325 0.926294401547438 "ccindex"
"121" "c57bl6/j" "male" 41 "c1a" 3 0.435022878515237 61 121 2.61013727109142 0.870045757030473 0 0 0 4.35022878515237 0 6.96036605624379 1.30506863554571 7.39538893475902 32.6267158886427 3.48018302812189 4.35022878515237 15.6608236265485 152.258007480333 20.306457296405 24.7907999493612 53.9428369358893 9.30712626085231 9.56095697705737 13.9207321124876 134.857092339723 19.6369327361778 0.428149517034696 0.79058447804088 0.781953149086154 "ccindex"
"122" "c57bl6/j" "male" 41 "c1a" 4 0.323159898746345 61 122 1.93895939247807 2.58527918997076 0 0 0.323159898746345 0.969479696239034 0 6.78635787367324 0.64631979749269 7.10951777241958 20.6822335197661 4.52423858244883 1.29263959498538 14.5421954435855 NA NA NA NA NA NA NA NA NA NA NA NA "ccindex"
"123" "c57bl6/j" "female" 41 "c8t" 6 0.271500779445048 62 123 0 1.66294227534813 0 0 0.950252728770359 3.32588455069626 0 16.3918595712887 2.3756318219259 0.47512636438518 6.41420591919992 1.66294227534813 4.27613727946662 19.2426177575998 0 0 -34.0223075562499 22.8060654904886 29.1619779053571 27.6664918589285 13.303538202785 19.0050545754072 9.6688215152384 0.219555892982391 0.393247838010682 0.50612330764268 "ccindex"
"124" "c57bl6/j" "female" 41 "c8t" 6 0.450866753936939 62 124 0 4.33959250989773 0 0 1.97254204995351 3.55057568991633 0 13.4132859396839 7.89016819981406 1.97254204995351 19.7254204995351 4.33959250989773 5.52311773986984 23.2759961894515 131.765808936895 30.1031766008038 32.9253494071292 53.6531437587356 22.5773824506029 23.2829256521842 16.5693532196095 108.884321157434 14.8256260474506 0.373362759215201 0.676692385488853 0.772174942719225 "ccindex"
"125" "c57bl6/j" "male" 41 "c8t" 2 1.01888968166378 63 125 0 5.34917083274673 0.891528472124456 0 4.45764236062228 7.13222777699565 0 24.9627972194848 5.34917083274673 14.2644555539913 23 6.24069930487119 11.5898701376179 44.5764236062228 258.543256916092 64.1361141286415 33.1738521355042 71.3222777699565 79.6172451252101 80.7230401963936 57.0578222159652 192.570149978882 43.1321474813812 0.869596871710194 1.59902763703298 1.80401989362904 "ccindex"
"126" "c57bl6/j" "male" 41 "c8t" 8 0.43805123700194 63 126 0 3.06635866131335 0 0.383294832664169 2.68306382864918 1.53317933065668 0 22.614395127186 4.9828328246342 0.766589665328338 13.7986139759101 3.06635866131335 4.59953799197003 28.3638176171485 0 0 0.139976696825273 92.7573495047289 1.4506675852801 1.46339273953694 7.66589665328338 59.027404230282 19.6016977424456 0.376778820508878 0.695335155936069 0.816974451813666 "ccindex"
"127" "c57bl6/j" "female" 41 "c9t" 4 0.29346094954475 64 127 3.08133997330122 4.40191424757317 0 0 1.76076569902927 1.76076569902927 0 23.7703369368951 4.40191424757317 2.20095712378658 16.2870827160207 7.48325422087439 3.52153139805854 30.3732083082549 31.6937825825268 49.1759332646833 50.0865986955108 0 -3.64266172330988 -2.73199629248241 22.0095712378658 58.1052680679658 16.1638291170887 0.429626830563141 0.790231645724335 0.897776033797808 "ccindex"
"128" "c57bl6/j" "female" 41 "c9t" 5 0.305819811454081 64 128 3.21110802347896 4.12856745875866 0 0 1.37618915291955 2.75237830583911 0 18.349188705594 3.66983774111881 4.58729717639851 21.1015670114331 7.33967548223761 4.12856745875866 26.6063236231114 34.8634585406287 40.9254771656972 44.0735907938278 10.0920537880767 15.7405681406528 15.7405681406528 31.1936207995099 52.295187810943 17.3675071098448 0.447536712529439 0.823016161012009 0.881602159907373 "ccindex"
"129" "c57bl6/j" "female" 41 "c22" 4 0.831606921929868 65 129 3.32642768771947 4.98964153157921 0 0 5.82124845350908 37.4223114868441 21.6217799701766 20.7901730482467 16.6321384385974 1.66321384385974 26.6114215017558 8.31606921929868 8.75 28 38.2539184087739 -5.08795526219347 -6.10554631463217 4.98964153157921 -2.03518210487739 -2.03518210487739 38.2539184087739 126.40425213334 30.7528239729665 0.734641554832845 1.28498238362759 1.69638813421512 "ccindex"
"130" "c57bl6/j" "female" 41 "c22" 10 0.478391570629086 65 130 1.91356628251634 2.87034942377452 0 1.91356628251634 0.956783141258172 22.006012248938 4.78391570629086 15.7869218307598 8.13265670069447 0.956783141258172 16.743704972018 4.78391570629086 24.8763616727125 29.6602773790033 29.6602773790033 16.3858630788632 14.6302348918421 7.65426513006538 7.02251274808422 6.43730335241053 36.3577593678106 56.4502053342322 17.1072825656961 0.431030805136807 0.761934254540946 0.996811802942229 "ccindex"
"131" "c57bl6/j" "male" 41 "c22" 10 0.690545482212398 66 131 2.0716364466372 4.83381837548679 0 0 4.14327289327439 24.8596373596463 13.810909644248 6.90545482212398 22.0974554307967 0 29.0029102529207 6.90545482212398 29.0029102529207 42.8138198971687 40.0516379683191 10.3158824531076 18.0527942929383 6.90545482212398 1.47369749330109 3.68424373325272 26.2407283240711 102.200731367435 31.2678994345774 0.628948825199052 1.11810362297903 1.48586950069624 "ccindex"
"132" "c57bl6/j" "male" 41 "c22" 14 0.780981681847973 66 132 2.34294504554392 2.34294504554392 0 1.56196336369595 1.56196336369595 32.8012306376149 28.115340546527 4.68589009108784 21.8674870917432 4.68589009108784 28.115340546527 4.68589009108784 8.75 28 48.4208642745743 10.7456100410863 10.3323173471984 21.8674870917432 10.7456100410863 12.398780816638 9.37178018217567 90.5938750943648 35.6596235931784 0.706163636726937 1.25061720641043 1.46766720901362 "ccindex"
"133" "c57bl6/j" "male" 41 "c23" 3 0.170903477248381 67 133 2.56355215872571 0 0 0 2.56355215872571 5.55436301057238 0 12.3905021005076 0.854517386241905 3.41806954496762 29.4808498253457 2.56355215872571 8.1179151692981 16.6630890317171 NA NA NA NA NA NA NA NA NA NA NA NA "ccindex"
"134" "c57bl6/j" "male" 41 "c23" 4 0.341206490280745 67 134 5.11809735421117 4.26508112850931 0 0 5.11809735421117 6.82412980561489 0 37.5327139308819 0 13.6482596112298 23 9.38317848272048 11.9422271598261 28 NA NA NA NA NA NA NA NA NA NA NA NA "ccindex"
"135" "c57bl6/j" "male" 41 "c23" 4 0.233364138549675 68 135 3.50046207824512 6.41751381011606 1.16682069274837 0 2.33364138549675 10.5013862347354 0 14.0018483129805 4.6672827709935 7.00092415649025 23 11.0847965811096 12.8350276202321 25.6700552404642 287.0378904161 201.485128633623 225.515465076165 110.847965811096 85.9546649675547 87.3410305315475 33.8378000897029 103.847041654605 NA NA NA NA "ccindex"
"136" "c57bl6/j" "male" 41 "c23" 6 0.094237821592368 68 136 1.41356732388552 2.12035098582828 0 0 0.47118910796184 5.65426929554208 0 5.65426929554208 0.47118910796184 1.88475643184736 16.0204296707026 3.5339183097138 6.12545840350392 8.01021483535128 NA NA NA NA NA NA NA NA NA NA NA NA "ccindex"
"137" "c57bl6/j" "female" 41 "c50" 6 0.513682424267136 69 137 5.13682424267135 3.08209454560281 0 0 1.02736484853427 15.4104727280141 0 5.65050666693849 7.1915539397399 5.65050666693849 27.2251684861582 8.21891878827417 16.4378375765483 18.4925672736169 NA NA NA NA NA NA NA NA NA NA NA NA "ccindex"
"138" "c57bl6/j" "female" 41 "c50" 7 0.562980703095289 69 138 5.62980703095289 5.62980703095289 0 0 5.62980703095289 10.1336526557152 0 3.37788421857174 8.44471054642934 14.6374982804775 25.334131639288 11.2596140619058 15.7634596866681 26.4600930454786 NA NA NA NA NA NA NA NA NA NA NA NA "ccindex"
"139" "balb/cj" "female" 41 "b9t" 7 0.643646568856664 70 139 6.6939243161093 6.17900706102397 0.514917255085331 0 0 4.11933804068265 0 25.7458627542666 3.08950353051199 4.11933804068265 21.1116074584986 13.3878486322186 4.11933804068265 32.9547043254612 NA NA NA NA NA NA NA NA NA NA NA NA "ccindex"
"140" "balb/cj" "female" 41 "b9t" 4 0.465118245123756 70 140 4.83722974928707 2.23256757659403 0 0 4.83722974928707 1.48837838439602 0 16.7442568244552 0 3.72094596099005 15.6279730361582 7.0697973258811 6.32560813368309 20.4652027854453 3.72094596099005 -12.333422713429 -12.0250871455932 0 -0.925006703507172 -1.38751005526076 37.2094596099005 32.7443244567124 15.2112270885273 0.348057285191009 0.627195209292561 0.745846301342142 "ccindex"
"141" "balb/cj" "male" 41 "b9t" 6 0.779855930355449 71 141 3.74330846570615 4.36719320999051 0 0 1.87165423285308 3.74330846570615 0 36.1853151684928 3.1194237214218 1.24776948856872 25.5792745156587 8.11050167569667 5.61496269855923 40.5525083784833 38.6808541456303 24.1095412167758 16.6912208423833 19.9643118170995 16.6912208423833 14.8366407487851 23.7076202828056 84.8483252226728 28.6363097626521 0.578965042695885 1.03914243008003 0.768618812814998 "ccindex"
"142" "balb/cj" "male" 41 "b9t" 15 0.709188183621558 71 142 3.40410328138348 1.70205164069174 0 1.13470109379449 2.83675273448623 3.40410328138348 0 28.9348778917596 4.53880437517797 2.83675273448623 24.3960735165816 5.10615492207522 7.3755571096642 36.3104350014238 36.3104350014238 6.66531765343999 2.30722534157538 6.80820656276696 2.05086697028923 2.05086697028923 21.5593207820954 100.98839734771 23.4656186196701 0.513225304723249 0.909133863359085 1.23354008699939 "ccindex"
"143" "balb/cj" "male" 41 "b23" 7 0.332571097632487 72 143 3.32571097632487 5.32113756211979 0 0 13.3028439052995 5.98627975738477 0 32.5919675679837 1.33028439052995 14.6331282958294 19.2891236626843 8.64684853844467 19.2891236626843 28 231.469483952211 107.931403815091 108.440514210445 123.716448319285 79.4212216752559 77.8938904891932 15.9634126863594 166.285548816244 28.0024864206554 0.583728790564542 1.01734829050168 1.50406999494123 "ccindex"
"144" "balb/cj" "male" 41 "b23" 10 0.209210618581143 72 144 2.09210618581143 3.76579113446058 0.418421237162287 0.418421237162287 6.2763185574343 4.60263360878515 0 22.1763255696012 2.09210618581143 1.67368494864915 13.8079008263555 6.2763185574343 11.2973734033817 25.9421167040618 191.636926620327 305.370594480393 240.41607576495 114.647418982467 212.578424886904 199.924947215064 16.7368494864915 111.300049085168 19.3394295816409 0.388462276581467 0.69737430755364 0.92654457482153 "ccindex"
"145" "balb/cj" "male" 41 "b34" 6 0.776180750339315 73 145 6.51991830545821 2.71663262727425 0 0.543326525454851 1.0866530509097 2.71663262727425 0 24.4496936454683 2.1733061018194 6.51991830545821 24.9930201709231 9.23655093273247 4.34661220363881 33.1429180527459 291.2230176438 146.175696042956 164.817535821714 179.297753400101 94.68870998734 97.6477321744443 19.5597549163746 181.47105950192 24.5692254810684 0.523223444013021 0.956309017453083 1.13680500252601 "ccindex"
"146" "balb/cj" "male" 41 "b34" 9 1.03660270198427 73 146 8.70746270015086 2.17686567503771 0 0.725621891679238 2.90248756671695 3.62810945839619 0 21.0430348586979 2.90248756671695 16.6893035086225 23 10.8843283751886 7.25621891679238 40.6348259340373 256.87014965445 78.3765518345294 74.8671539911923 126.258209152187 87.7349460834284 81.8859496778665 36.2810945839619 148.026865902565 34.1332537845914 0.686728558285231 1.24464471835956 1.66167785438576 "ccindex"
"147" "balb/cj" "female" 41 "b35" 3 0.35499307167839 74 147 3.10618937951555 2.48495150361244 0.310618937951555 0.310618937951555 4.96990300722489 1.86371362770933 0 21.1220877807058 1.55309468975778 0.931856813854666 9.31856813854666 5.90175982107955 7.14423557288577 23.6070392843182 131.702429691459 59.4036907424037 68.3350148750029 65.8512148457297 40.2948112028892 40.9179268400473 4.96990300722489 26.7132286638338 12.3936956242671 0.297448694982409 0.542191568573199 0.75166964241662 "ccindex"
"148" "balb/cj" "female" 41 "b35" 5 0.710921737597491 74 148 6.22056520864347 7.46467825037217 0 0 8.70879129210086 3.73233912518608 0 37.3233912518608 3.73233912518608 7.46467825037217 17.4175825842017 13.6852434590156 12.4411304172869 28 73.402669461993 -110.897128469482 -110.897128469482 49.7645216691478 18.6464198311519 15.2115530201502 3.73233912518608 53.4968607943339 23.8869704011909 0.568932893982532 1.01359133622678 1.43747477769145 "ccindex"
"149" "balb/cj" "male" 69 "b35" 5 0.65450077675787 75 149 2.86344090046326 12.0264517819457 0 0 2.86344090046326 4.00881726064857 0 29.7797853648179 2.29075272037061 4.00881726064857 25.1982799240767 14.889892682409 6.87225816111183 36.0793553458371 238.238282918544 111.152765615202 121.756154440336 128.282152340754 74.5893558733591 72.761185386267 17.1806454027796 138.590539582422 32.425604756846 0.553789470149595 1.01417349812608 1.38798219453126 "ccindex"
"150" "balb/cj" "male" 69 "b35" 8 0.714011971926691 75 150 3.12380237952212 6.24760475904425 0 0 6.24760475904425 8.12188618675752 0 41.234191409692 0 3.74856285542655 23.1161376084637 9.37140713856637 14.3694909458018 44.9827542651186 272.395567494329 252.845742101358 260.847189636211 157.439639927915 176.031845766768 179.232424780709 7.4971257108531 104.959759951943 35.5488710789618 0.585150661732084 1.05510798691691 1.26864433518132 "ccindex"
